YEAR   JAN FEB MAR APR MAY JUN JUL AUG SEP OCT NOV DEC ANN
1893    21  19  20  22  21  21  20  19  11  11  13  18 216
1894    12   9  17  19  20  22  11  15  22  18   9   8 182
1895    14   9  13  17  24  24  22  25  19  10  20  12 209
1896     6  12  17  22  24  25  20  21  25  12  19  10 213
1897    15  17  23  24  18  27  23  23  12   8  14  19 223
1898    18  15  15  21  27  26  21  22  22  24  16  13 240
1899    11  12  22  21  26  27  20  29  15  17  14  12 226
1900    13  19  17  19  25  18  25  23  26  18  15  10 228
1901    12  12  15  14  20  27  21  17  22  16   9  19 204
1902     9  13  21  18  26  29  28  29  20  19  18  21 251
1903    13  14  15  20  27  24  24  26  19  14  12  14 222
1904    20  15  20  16  23  22  26  23  21  16   2  13 217
1905    15  18  20  20  25  28  25  29  18  17  14   9 238
1906    14  17  23  16  26  23  25  26  23  13  21  12 239
1907    20  13  17  18  22  24  30  22  22  10  10  14 222
1908     7  17  14  15  28  27  28  27  10  12  10   9 204
1909    15  16  15  26  25  27  26  22  21  14  20  20 247
1910    14  10   8  19  23  17  22  23  21   7  10  14 188
1911    17  14  14  19  22  22  27  26  27  24  18  17 247
1912    15  14  15  22  26  20  29  25  27  15   6   8 222
1913    10  10  20  14  27  22  22  16  25  19  17  12 214
1914    14  16  17  18  23  28  23  26  20  16   5  19 225
1915    19  20  12  20  26  27  30  22  24  11  15  10 236
1916    18  13  15  20  26  27  21  22  16  19   8  16 221
1917    14   7  14  22  21  26  23  19  22  15   7  16 206
1918    16  13   8  19  24  21  21  27  15  21  12  19 216
1919     3  18  13  27  25  28  21  26  18  23  16  11 229
1920    12  13  15  24  21  25  26  19  20  15  15  11 216
1921    12  11  17  21  22  23  22  24  24  13  11   8 208
1922    11  11  19  20  24  22  24  24  17  12  17   8 209
1923    16   9  16  17  25  27  21  27  23  14   9  11 215
1924    12  15  17  20  23  29  27  26  17  12   9  18 225
1925     8  15  10  22  20  25  24  22  24  24  11  12 217
1926    14   9  15  14  24  19  26  23  26  15  17  11 213
1927     8  10  21  23  22  20  24  24  19  12  11  12 206
1928     9  10  12  16  20  24  22  21  17  19  16  13 199
1929    25  17  14  24  22  25  24  22  22  19  13   8 235
1930    20  10  11  18  22  23  16  23  15  16  11   5 190
1931     3   7  13  18  20  18  16  19  20  22  17  13 186
1932    14  10  12  17  16  26  20  25  13  14   8  11 186
1933    12   8  15  18  25  16  20  24  20  10   7  12 187
1934     9   6  17  11  18  22  23  22  26   9  15  14 192
1935    12  10  19  22  27  28  26  22  17  17  17  14 231
1936    19  20  14  19  24  19  12  21  22  13   8  10 201
1937    14  13  18  21  25  26  20  24  17  16  11  16 221
1938    17  17  20  19  30  24  30  26  16  16  13  14 242
1939    13  10  18  17  21  26  22  19  10  18   7  10 191
1940    11  15  21  23  20  21  18  24  12  14  17  12 208
1941    15   9  14  21  22  22  23  24  19  24  10  11 214
1942     4  16  19  16  26  27  27  20  24   9  19  14 221
1943    14  13  12  17  26  25  28  26  17  10   7   6 201
1944     9  14  23  23  30  27  27  23  18  11  20  14 239
1945    17  17  19  20  28  26  26  22  26  12  14  15 242
1946    13   9  24  15  26  19  22  23  22  20  14  12 219
1947    12  12  21  20  26  28  16  16  15  17  22   7 212
1948     9  16  14  16  18  24  27  23  13   9  20  15 204
1949    21  12  17  13  29  27  25  17  14  16   7  12 210
1950    15  14  17  16  29  21  26  24  14   7  11  13 207
1951    12  19  20  21  24  29  26  25  21  19  13  19 248
1952    14  12  18  18  25  26  22  28  11   3   6  12 195
1953    18  12  21  19  20  24  26  14  12  11   7  11 195
1954     5  11  17  19  19  26  22  28  18  21  10  14 210
1955    16  13  12  15  18  25  27  17  18  13  11   9 194
1956    13  10  16  15  26  24  28  24  14  13  11  14 208
1957    16  12  17  22  22  24  23  26  17  14  14  13 220
1958    13   7   7  15  20  25  29  24  19   9  11   4 183
1959    13  17  19  21  25  21  22  29  19  22  11  15 234
1960    14  13  20  20  26  25  21  24  15  12   8   8 206
1961     7  11  19  23  18  22  29  20  22  12  13  14 210
1962    13  20  18  22  27  22  29  23  20  19   8  11 232
1963    18  16  18  20  24  26  22  24  23  15   9  10 225
1964    11  13  21  22  24  21  27  27  23   6  17  14 226
1965    14  13  23  22  23  24  24  25  25  13   9  10 225
1966    14   9  15  22  20  25  23  25  21  10   9   9 202
1967    17  13  10  20  19  26  24  20  15  19  12  21 216
1968    15   9  10  22  23  24  25  25  21  19  15  19 227
1969    18  11  12  16  26  27  26  19  21  19  10  14 219
1970    12   8  14  17  20  19  20  18  23  18  18  11 198
1971     7  13  14  17  22  27  28  20  18  20  17  16 219
1972    12  12  20  23  25  21  24  22  23  18  15  16 231
1973    10  11  27  19  21  20  20  21  26  17  15  15 222
1974    15   8  19  19  27  19  20  24  14  12  13  15 205
1975    24  13  16  22  23  28  13  28  18   8  19  10 222
1976    11  13  16  20  20  16  18  16  15  11   4  10 170
1977    15   7  19  19  25  23  26  31  22  17  19  15 238
1978    13  13  12  25  22  23  26  21  13  18  20  15 221
1979    19  12  20  22  22  24  26  28  10  14  16  10 223
1980    15  13  18  15  18  21  24  29  19  11   8   9 200
1981     6  12  11  20  23  24  24  21  15  18  14  14 202
1982    21  11  24  21  28  27  25  27  18  16  16  15 249
1983    13  13  21  20  28  24  17  21  23  20  25  20 245
1984     8  12  25  23  26  27  20  16  21  23  11  21 233
1985    13   9  16  18  23  22  23  25  27  21  23  14 234
1986     8  17  12  22  24  24  27  21  27  18  12   6 218
1987    11   5  21  14  24  23  28  27  21  11  16  17 218
1988    11  11   9  18  19  20  20  20  19   9  20   9 185
1989    10  12  12  21  18  20  26  21  14  11   8  17 190
1990    10  11  20  20  21  27  27  23  16  15  12  15 217
1991    16   5  18  22  25  19  22  23  19  17  21  14 221
1992    14  13  20  20  16  22  29  20  19  11  19  18 221
1993    14  13  14  22  28  26  30  31  21  12  10  13 234
1994    19  15   7  21  16  25  26  23  19  17  17  12 217
1995    15   9  19  22  25  21  20  26  18  19  10  11 215
1996    16   9  13  16  29  23  27  22  19  12  17  16 219
1997    17  16  15  19  19  21  24  28  18  10  14  13 214
1998    16  18  23  24  25  29  24  28  18  20  11   7 243
1999    18  16  11  24  23  28  24  19  14  10   5  15 207
2000    15  12  14  16  21  24  27  25  19  18  15  25 231
2001    10  18  15  25  29  22  20  20  19  16  10  10 214
2002     7   7  14  19  22  20  21  20  18  21   7   3 179
2003     9  10  13  15  23  23  20  17  12   9  11  11 173
2004     9  10  22   9  28  22  25  25  10  17  14   8 199
2005    11  13  13  16  22  21  21  16  18  15   9  14 189
2006     8   7  17  17  21  23  19  23  18  13   8   8 182
2007     9  12  17  13  19  21  16  27  14  16   4  16 184
2008    14  18  15  19  21  26  25  20  20  16  13  18 225
2009    11  10  12  17  20  25  23  25  11  27  12  17 210
2010    10  14  15  17  21  27  23  18  20   8  10  12 195
2011    17  11  15  21  20  24  24  20  13  11  10  10 196
2012    10  10  16  17  18  18  19  16  14  14   8  12 172
2013     9  14  16  20  24  24  18  17  17  16  14  15 204
2014    15  16  12  18  24  27  16  28  21  12  10   8 207
2015    10   7   9  15  24  26  23  19  18   7  14  21 193
2016     9  14  16  17  21  20  25  23  19  11  11  11 197
2017    11   9  16  18  19  23  20  24  14  19   8  11 192
2018     6  14  16  15  27  23  19  19  16  20  14   8 197
2019    13  15  17  20  28  23                         116
